
Model name: CNN
Num epochs: 100
learning rate: 1e-05
Train loss: 0.18588391281226102
Train accuracy: 0.9467941176470588
Val loss: 0.9004784094963972
Val accuracy: 0.7867236106717284
Final Val loss: 0.9004784094963972
Final Val accuracy: 0.7867236106717284

Confusion matrix
[[ 3056     8    21     2    57     3    26  1513     0     0]
 [   59     6     0     0     0     0     0  2645     0     0]
 [   19     0   723     0    13     0     0    15     0     0]
 [    0     1     0   546    69     3     3   236     0     0]
 [    0     0     1   313  3218    11    30   918    36     0]
 [    0     0     1     0    23  3088    26   192     0     0]
 [   35     0     4     0     7    57  5421    74     0     0]
 [  460     0     2    18   303    47    79 13318   184    23]
 [    0     0     0     0   384     0     0    34   154     0]
 [    0     0     1     0    13     0     0   121     0   312]]